-0 0 0
-0.00865412 6.03441e-10 -0.011
-0.00865412 0.0111017 -0.023
-0.00865412 0.0111017 -0.017
-2.86597e-10 0.0111017 -0.016
-0.0173083 0.0111017 -0.011
-0.0432706 0.0222034 -0.016
-0.0519247 0.033305 -0.04
-0.0605789 0.0444067 -0.046
-0.069233 0.0555084 -0.046
-0.0778871 0.0555084 -0.036
-0.0778871 0.0666101 -0.084
-0.0778871 0.0777118 -0.072
-0.069233 0.0888134 -0.058
-0.0778871 0.0999151 -0.078
-0.0778871 0.0999151 -0.097
-0.069233 0.111017 -0.104
-0.069233 0.111017 -0.126
-0.0605789 0.122118 -0.146
-0.0519247 0.13322 -0.168
-0.0432706 0.13322 -0.199
-0.0346165 0.13322 -0.229
-0.0432706 0.13322 -0.264
-0.0432706 0.13322 -0.287
-0.0432706 0.122118 -0.313
-0.0432706 0.122118 -0.339
-0.0432706 0.122118 -0.368
-0.0432706 0.111017 -0.404
-0.0346165 0.13322 -0.438
-0.0259624 0.144322 -0.453
-0.0173082 0.144322 -0.475
-0.0173083 0.144322 -0.499
-0.00865412 0.166525 -0.518
-9.47335e-11 0.177627 -0.534
-2.98587e-10 0.188729 -0.561
-1.27278e-10 0.19983 -0.586
-0.00865412 0.210932 -0.617
-0.0173082 0.210932 -0.649
-0.0259624 0.222034 -0.68
-0.0432706 0.233135 -0.71
-0.0605789 0.233135 -0.734
-0.0519247 0.255339 -0.758
-0.0519247 0.26644 -0.778
-0.0519247 0.277542 -0.793
-0.0432706 0.277542 -0.806
-0.0432706 0.288644 -0.82
-0.0432706 0.288644 -0.833
-0.0346165 0.299745 -0.844
-0.0346165 0.310847 -0.854
-0.0346165 0.321949 -0.874
-0.0519247 0.310847 -0.9
-0.0605789 0.321949 -0.916
-0.069233 0.33305 -0.932
-0.069233 0.33305 -0.955
-0.0778871 0.33305 -0.978
-0.0778871 0.344152 -1.002
-0.0778871 0.344152 -1.014
-0.0778871 0.344152 -1.034
-0.0778871 0.344152 -1.051
-0.069233 0.344152 -1.057
-0.0778871 0.33305 -1.073
-0.0865412 0.344152 -1.094
-0.069233 0.344152 -1.086
-0.069233 0.33305 -1.1
-0.0778871 0.344152 -1.111
-0.0778871 0.355254 -1.118
-0.0778871 0.366355 -1.133
-0.0865412 0.366355 -1.155
-0.0865412 0.366355 -1.168
-0.0865412 0.366355 -1.184
-0.0951954 0.366355 -1.199
-0.0951954 0.366355 -1.213
-0.0951954 0.366355 -1.221
-0.0951954 0.366355 -1.23
-0.0951954 0.355254 -1.23
-0.0865412 0.355254 -1.239
-0.0951954 0.366355 -1.244
-0.0865412 0.355254 -1.252
-0.0865412 0.344152 -1.261
-0.0865412 0.344152 -1.271
-0.0865412 0.33305 -1.279
-0.0865412 0.33305 -1.283
-0.0865412 0.33305 -1.292
-0.0865412 0.321949 -1.299
-0.0865412 0.310847 -1.307
-0.0865412 0.310847 -1.314
-0.0865412 0.33305 -1.324
-0.0865412 0.421864 -1.332
-0.0865412 0.543982 -1.341
-0.0865412 0.699406 -1.352
-0.0951953 0.865931 -1.357
-0.103849 1.06576 -1.367
-0.121158 1.31 -1.372
-0.0951953 1.55424 -1.377
-0.0865412 1.84288 -1.387
-0.0778871 2.16483 -1.398
-0.0605788 2.49788 -1.406
-0.069233 2.85313 -1.417
-0.0865412 3.18618 -1.413
-0.112504 3.44152 -1.417
-0.121158 3.60805 -1.437
-0.121158 3.63025 -1.444
-0.103849 3.51923 -1.442
-0.103849 3.37491 -1.455
-0.103849 3.275 -1.471
-0.0951953 3.18618 -1.478
-0.103849 3.09737 -1.49
-0.112504 3.01966 -1.504
-0.112504 2.96415 -1.509
-0.129812 2.93084 -1.527
-0.155774 2.91974 -1.549
-0.173082 2.89754 -1.56
-0.190391 2.89754 -1.58
-0.199045 2.87533 -1.598
-0.225007 2.83093 -1.625
-0.233661 2.79762 -1.648
-0.242315 2.76432 -1.668
-0.268278 2.73101 -1.689
-0.276932 2.70881 -1.704
-0.29424 2.69771 -1.727
-0.311548 2.68661 -1.73
-0.311548 2.68661 -1.747
-0.320202 2.6755 -1.765
-0.328857 2.6644 -1.776
-0.337511 2.6644 -1.799
-0.354819 2.6644 -1.821
-0.389435 2.68661 -1.846
-0.398089 2.73101 -1.854
-0.415398 2.83093 -1.869
-0.44136 2.96415 -1.877
-0.475977 3.13067 -1.88
-0.519247 3.2972 -1.896
-0.553864 3.50813 -1.916
-0.58848 3.71906 -1.928
-0.623096 3.90779 -1.937
-0.640405 4.10762 -1.954
-0.623096 4.28525 -1.959
-0.605788 4.47398 -1.955
-0.597134 4.68491 -1.944
-0.597134 4.89584 -1.946
-0.58848 5.11787 -1.95
-0.58848 5.3177 -1.963
-0.571172 5.52864 -1.979
-0.562518 5.72847 -1.983
-0.553863 5.9283 -1.983
-0.579826 6.12813 -2.007
-0.597134 6.30575 -2.025
-0.614442 6.47228 -2.042
-0.623096 6.6388 -2.065
-0.63175 6.80533 -2.077
-0.649059 6.98296 -2.079
-0.726946 7.19389 -2.105
-0.813487 7.39372 -2.136
-0.900028 7.60465 -2.161
-0.977915 7.81558 -2.202
-1.04715 8.02651 -2.23401
-1.11638 8.22634 -2.25401
-1.17696 8.42617 -2.28701
-1.23754 8.64821 -2.32301
-1.28081 8.85914 -2.34001
-1.33273 9.07007 -2.36901
-1.38466 9.281 -2.39501
-1.41062 9.46973 -2.41701
-1.42793 9.64736 -2.44201
-1.45389 9.83609 -2.46201
-1.4712 10.0248 -2.48101
-1.48851 10.2135 -2.49801
-1.49716 10.3912 -2.51201
-1.51447 10.591 -2.53401
-1.54909 10.8241 -2.57201
-1.57505 11.0462 -2.60401
-1.59236 11.2682 -2.63501
-1.60101 11.4902 -2.66401
-1.59236 11.6679 -2.68101
-1.54909 11.8566 -2.70801
-1.50581 12.0342 -2.72601
-1.4712 12.2229 -2.74401
-1.41062 12.3895 -2.75501
-1.35869 12.5671 -2.77901
-1.29812 12.7447 -2.78401
-1.22023 12.9112 -2.79801
-1.14234 13.0889 -2.82801
-1.06446 13.2554 -2.83501
-0.995222 13.4219 -2.85401
-0.925989 13.5885 -2.87201
-0.839448 13.7217 -2.89601
-0.761561 13.866 -2.93802
-0.666366 13.9992 -2.95902
-0.571171 14.1213 -2.95902
-0.458668 14.2435 -2.97902
-0.354818 14.3656 -3.00902
-0.233661 14.4877 -3.02602
-0.112503 14.5876 -3.02702
0.0086541 14.6875 -3.02102
0.138466 14.7874 -3.02302
0.276931 14.8762 -3.04102
0.424051 14.9651 -3.04802
0.571171 15.0428 -3.07702
0.735599 15.1316 -3.12002
0.908681 15.2093 -3.14402
1.07311 15.2759 -3.17402
1.23754 15.3425 -3.21102
1.41062 15.398 -3.22502
1.60101 15.4535 -3.24402
1.76544 15.4979 -3.27202
1.92121 15.5423 -3.29902
2.08564 15.5868 -3.31902
2.24141 15.609 -3.34502
2.41449 15.6201 -3.36702
2.57892 15.6312 -3.38902
2.752 15.6201 -3.41702
2.91643 15.609 -3.46502
3.09817 15.5757 -3.50102
3.27125 15.5423 -3.50702
3.44433 15.509 -3.50002
3.61742 15.4757 -3.52802
3.7905 15.4313 -3.55202
3.95493 15.4091 -3.54102
4.12801 15.3869 -3.54902
4.30974 15.3536 -3.57102
4.48283 15.3203 -3.58202
4.65591 15.2981 -3.60302
4.85495 15.2426 -3.62802
5.054 15.1982 -3.62702
5.24439 15.1538 -3.61302
5.44343 15.1205 -3.61202
5.64248 15.0872 -3.62902
5.84152 15.065 -3.63402
6.04056 15.0539 -3.63202
6.23095 15.0206 -3.63602
6.41269 14.9984 -3.64002
6.62904 14.9873 -3.64102
6.82809 14.954 -3.64402
7.03579 14.954 -3.66602
7.23483 14.954 -3.67202
7.42522 14.9429 -3.66902
7.61561 14.954 -3.68102
7.82331 14.9207 -3.68202
8.02235 14.9429 -3.69102
8.21274 14.9651 -3.70702
8.40313 14.9207 -3.70302
8.58487 14.9096 -3.69902
8.76661 14.9096 -3.68802
8.94834 14.8985 -3.68102
9.11277 14.9096 -3.68102
9.29451 14.8985 -3.68002
9.45894 14.9429 -3.67602
9.64067 14.9651 -3.66802
9.82241 14.9873 -3.66803
9.98684 15.0095 -3.66603
10.1599 15.0317 -3.65303
10.307 15.0428 -3.65103
10.4542 15.0539 -3.65403
10.5926 15.065 -3.64903
10.7397 15.0761 -3.64803
10.9042 15.0761 -3.64003
11.0513 15.1094 -3.61703
11.1984 15.1316 -3.60803
11.3455 15.1427 -3.60903
11.4926 15.1649 -3.59003
11.6484 15.2093 -3.57703
11.8129 15.2426 -3.56503
12.0032 15.2759 -3.55403
12.185 15.3203 -3.53703
12.3927 15.3758 -3.51103
12.5831 15.4202 -3.47703
12.7735 15.4868 -3.44803
12.9638 15.5535 -3.42203
13.1975 15.6534 -3.40403
13.4052 15.7422 -3.37803
13.6216 15.8421 -3.36003
13.8119 15.9531 -3.33303
13.9764 16.0752 -3.31104
14.1408 16.1974 -3.28804
14.2706 16.3417 -3.27604
14.3918 16.4749 -3.26104
14.4956 16.6303 -3.24004
14.5822 16.7857 -3.22504
14.6947 16.9412 -3.21004
14.7985 17.0966 -3.18004
14.8937 17.252 -3.14804
14.9889 17.4074 -3.11804
15.0754 17.5629 -3.09004
15.1533 17.7294 -3.06904
15.2139 17.8959 -3.04704
15.2572 18.0735 -3.01404
15.2918 18.2401 -2.97604
15.3264 18.4066 -2.95605
15.3783 18.562 -2.93105
15.413 18.7174 -2.89405
15.4389 18.8729 -2.86505
15.4995 19.0172 -2.82205
15.5601 19.1615 -2.78505
15.612 19.3058 -2.76705
15.6553 19.4502 -2.73205
15.6985 19.5945 -2.69405
15.7332 19.7499 -2.66205
15.7505 19.8831 -2.61405
15.7591 20.0274 -2.57205
15.7764 20.1718 -2.52705
15.7851 20.3161 -2.48605
15.7851 20.4604 -2.43605
15.7764 20.6158 -2.40105
15.7505 20.7602 -2.38105
15.7245 20.9156 -2.35105
15.6985 21.0488 -2.30605
15.6726 21.1931 -2.27605
15.638 21.3263 -2.23305
15.586 21.4596 -2.21006
15.5341 21.6039 -2.18606
15.4649 21.7371 -2.15706
15.3524 21.8814 -2.10306
15.2918 22.0368 -2.06506
15.2139 22.1812 -2.05006
15.136 22.3255 -2.02906
15.0495 22.4809 -2.01306
14.9716 22.6141 -1.96806
14.8764 22.7585 -1.94206
14.7639 22.8806 -1.91406
14.6427 22.9916 -1.88206
14.5129 23.1026 -1.85706
14.4004 23.2136 -1.81806
14.2533 23.3135 -1.78606
14.1062 23.4246 -1.75006
13.9504 23.5134 -1.71906
13.7946 23.5911 -1.68706
13.6302 23.6688 -1.65706
13.4658 23.7354 -1.64306
13.2927 23.7909 -1.62506
13.1283 23.8464 -1.59806
12.9638 23.8908 -1.58706
12.7994 23.9352 -1.58006
12.6177 23.9796 -1.56106
12.4446 24.0129 -1.53706
12.2715 24.0351 -1.51106
12.0984 24.0684 -1.49506
11.9513 24.1018 -1.48606
11.8042 24.1129 -1.45506
11.6657 24.1351 -1.42506
11.5273 24.1573 -1.40206
11.3628 24.1573 -1.38306
11.1897 24.1684 -1.36606
11.034 24.1906 -1.35006
10.8695 24.2017 -1.31906
10.7051 24.2017 -1.29606
10.532 24.1684 -1.27105
10.359 24.1573 -1.24905
10.1772 24.1462 -1.23505
10.0128 24.1129 -1.21905
9.84836 24.1684 -1.20005
9.68393 24.1795 -1.18605
9.51951 24.2017 -1.18705
9.35508 24.2128 -1.17105
9.182 24.2128 -1.16905
9.00026 24.2128 -1.15805
8.81852 24.2128 -1.15105
8.62813 24.2239 -1.15605
8.46371 24.2461 -1.14205
8.29928 24.2572 -1.13105
8.13485 24.2572 -1.12005
7.96177 24.2461 -1.11905
7.79734 24.2239 -1.10405
7.63291 24.2128 -1.08405
7.47714 24.235 -1.07205
7.30406 24.235 -1.08505
7.14828 24.2239 -1.07505
6.98386 24.2239 -1.07805
6.83674 24.235 -1.05905
6.68096 24.2461 -1.05205
6.51653 24.2461 -1.05105
6.36076 24.2461 -1.04305
6.19633 24.2461 -1.05505
6.04921 24.2683 -1.05805
5.91075 24.2794 -1.07705
5.76363 24.2905 -1.08105
5.61651 24.3016 -1.10205
5.47804 24.3016 -1.10005
5.33092 24.2905 -1.09205
5.1838 24.3016 -1.10805
5.04534 24.3016 -1.09605
4.88091 24.3349 -1.10405
4.70783 24.3571 -1.12605
4.53475 24.3793 -1.13305
4.35301 24.3904 -1.14805
4.17127 24.4126 -1.17705
3.99819 24.4348 -1.18605
3.81646 24.457 -1.20605
3.65203 24.4681 -1.21905
3.46164 24.4903 -1.25405
3.2799 24.5125 -1.28905
3.09817 24.5014 -1.31005
2.90778 24.4903 -1.33605
2.70873 24.4903 -1.35005
2.49238 24.5014 -1.36005
2.29334 24.5014 -1.38005
2.10295 24.5347 -1.40405
1.9039 24.5791 -1.41905
1.72217 24.6013 -1.43505
1.54043 24.6346 -1.44805
1.36735 24.6679 -1.45905
1.19427 24.6901 -1.46705
1.01253 24.7123 -1.46405
0.830793 24.7345 -1.45705
0.640403 24.7567 -1.46505
0.458667 24.7678 -1.46505
0.250969 24.8012 -1.46605
0.0605787 24.8012 -1.45905
-0.14712 24.7567 -1.47505
-0.346164 24.7234 -1.47305
-0.545208 24.7012 -1.47505
-0.744252 24.6457 -1.47305
-0.925988 24.6013 -1.45405
-1.10772 24.568 -1.42805
-1.30677 24.5236 -1.42105
-1.49716 24.4792 -1.41005
-1.70486 24.457 -1.40805
-1.89525 24.4126 -1.38005
-2.07698 24.3904 -1.34705
-2.25007 24.3682 -1.33305
-2.4318 24.3349 -1.32905
-2.62219 24.3238 -1.31305
-2.78662 24.3238 -1.31505
-2.94239 24.346 -1.32505
-3.10682 24.3682 -1.34005
-3.27125 24.3793 -1.33805
-3.42702 24.3904 -1.31405
-3.6001 24.4126 -1.32405
-3.76453 24.4237 -1.33905
-3.92031 24.4126 -1.32105
-4.08473 24.4348 -1.31205
-4.24051 24.4459 -1.31405
-4.39628 24.4681 -1.29505
-4.56936 24.4792 -1.29505
-4.73379 24.5014 -1.30805
-4.88956 24.5125 -1.29005
-5.04534 24.5347 -1.29405
-5.1838 24.5791 -1.28605
-5.34823 24.6124 -1.27605
-5.52997 24.5236 -1.20105
-5.72036 24.4348 -1.18505
-5.89344 24.3571 -1.16105
-6.05787 24.2683 -1.12805
-6.2396 24.1906 -1.13405
-6.42999 24.1129 -1.11505
-6.62038 24.024 -1.09905
-6.79347 23.913 -1.10505
-6.95789 23.802 -1.07505
-7.13963 23.6799 -1.05205
-7.31271 23.5578 -1.05305
-7.46849 23.4134 -1.03205
-7.63291 23.2913 -1.01305
-7.77138 23.147 -0.968047
-7.92715 23.0471 -0.921047
-8.07427 22.925 -0.859046
-8.23005 22.7918 -0.843046
-8.37717 22.6585 -0.842046
-8.51563 22.5142 -0.824046
-8.63679 22.3699 -0.856045
-8.74064 22.2256 -0.859045
-8.83584 22.0701 -0.841044
-8.93968 21.8925 -0.797044
-9.03488 21.726 -0.776043
-9.11277 21.5484 -0.760043
-9.182 21.3707 -0.727043
-9.25989 21.182 -0.684042
-9.32047 21.0044 -0.659041
-9.36374 20.8157 -0.645041
-9.39835 20.6491 -0.65604
-9.44162 20.4715 -0.63004
-9.46759 20.2939 -0.596039
-9.4849 20.1163 -0.577039
-9.47624 19.9941 -0.578038
-9.4849 19.8276 -0.554038
-9.51086 19.6611 -0.549037
-9.52817 19.4835 -0.545037
-9.52817 19.2947 -0.526036
-9.53682 19.1171 -0.518036
-9.53682 18.9284 -0.486035
-9.52817 18.7285 -0.470035
-9.54548 18.5509 -0.477034
-9.55413 18.3622 -0.463034
-9.55413 18.1846 -0.447033
-9.55413 18.0069 -0.412033
-9.55413 17.8182 -0.372032
-9.55413 17.6295 -0.338032
-9.53682 17.4518 -0.351031
-9.50221 17.2742 -0.355031
-9.46759 17.0966 -0.36803
-9.43298 16.9301 -0.391029
-9.38105 16.7746 -0.400029
-9.32047 16.6192 -0.430029
-9.26855 16.4638 -0.431028
-9.22528 16.2973 -0.428028
-9.17335 16.1641 -0.434027
-9.13008 15.9864 -0.428027
-9.07816 15.831 -0.431026
-9.03489 15.6867 -0.441026
-8.99162 15.5202 -0.435025
-8.94835 15.3536 -0.429025
-8.90508 15.1982 -0.435024
-8.87046 15.0317 -0.427024
-8.8445 14.8874 -0.409024
-8.82719 14.743 -0.407023
-8.80988 14.5876 -0.412023
-8.78392 14.4322 -0.408022
-8.75796 14.299 -0.367022
-8.74065 14.1546 -0.341022
-8.732 13.9881 -0.335021
-8.72334 13.8105 -0.336021
-8.71469 13.6329 -0.336021
-8.70603 13.4552 -0.33002
-8.72334 13.2332 -0.32402
-8.75796 13.0889 -0.318019
-8.80123 12.9446 -0.286019
-8.8445 12.8113 -0.270019
-8.89643 12.6226 -0.263019
-8.93104 12.4228 -0.249018
-8.94835 12.1785 -0.199018
-8.96566 11.9676 -0.147018
-8.99162 11.79 -0.117017
-9.00028 11.6013 -0.103017
-9.00893 11.3903 -0.0960166
-9.00893 11.1905 -0.0850162
-9.00028 10.9796 -0.0710158
-8.99162 10.7686 -0.0530154
-8.98297 10.5799 -0.0390151
-8.97432 10.369 -0.0290148
-8.96566 10.1691 -0.0290144
-8.94835 9.94711 -0.028014
-8.93105 9.75838 0.0239863
-8.89643 9.55855 0.107987
-8.86181 9.39203 0.190987
-8.8272 9.2144 0.282987
-8.79258 9.04788 0.380988
-8.76662 8.92576 0.461988
-8.74066 8.71483 0.502988
-8.732 8.49279 0.491988
-8.732 8.25966 0.488989
-8.7147 8.04872 0.475989
-8.7147 7.86 0.453989
-8.70604 7.66017 0.439989
-8.7147 7.49364 0.41299
-8.67143 7.30491 0.46799
-8.63681 7.12728 0.51699
-8.61085 6.94966 0.56799
-8.55027 6.77203 0.651991
-8.51565 6.5833 0.675991
-8.507 6.38347 0.648991
-8.48969 6.21695 0.633991
-8.45507 5.99491 0.613992
-8.43777 5.78398 0.603992
-8.4118 5.59525 0.578992
-8.38584 5.41763 0.551992
-8.36853 5.2511 0.526992
-8.35123 5.08457 0.495993
-8.34257 4.92915 0.475993
-8.33392 4.79593 0.438993
-8.30796 4.5961 0.434993
-8.30796 4.42958 0.421993
-8.2993 4.27415 0.410993
-8.2993 4.10763 0.388993
-8.29065 3.9522 0.376993
-8.28199 3.78568 0.350994
-8.29065 3.64136 0.309994
-8.27334 3.44153 0.285994
-8.26469 3.2528 0.268994
-8.26469 3.07517 0.250994
-8.27334 2.90864 0.226994
-8.26469 2.75322 0.222994
-8.26469 2.5867 0.187994
-8.27334 2.46458 0.160994
-8.24738 2.28695 0.152994
-8.23007 2.13153 0.127994
-8.21276 1.9761 0.0939944
-8.19545 1.83178 0.0719945
-8.17815 1.67636 0.0729945
-8.16949 1.50983 0.0479946
-8.16949 1.37661 0.0409946
-8.12622 1.23229 0.0459947
-8.09161 1.08797 0.0449948
-8.05699 0.954749 0.0409948
-8.02237 0.821528 0.0479949
-7.9791 0.69941 0.067995
-7.95314 0.577291 0.071995
-7.91852 0.455173 0.0679951
-7.85795 0.344156 0.112995
-7.78871 0.210936 0.132995
-7.71948 0.0555122 0.111995
-7.62428 -0.0888098 0.128995
-7.53774 -0.22203 0.134996
-7.43389 -0.410759 0.126996
-7.30408 -0.566182 0.166996
-7.17427 -0.699403 0.198996
-7.05311 -0.843725 0.172996
-6.9233 -0.965843 0.178996
-6.80214 -1.08796 0.176996
-6.65502 -1.24339 0.156996
-6.51656 -1.3655 0.158997
-6.36078 -1.48762 0.192997
-6.19635 -1.59864 0.223997
-6.04058 -1.68745 0.242997
-5.89346 -1.76517 0.246997
-5.73769 -1.83178 0.247997
-5.5646 -1.94279 0.257997
-5.40018 -2.0205 0.242997
-5.22709 -2.07601 0.256998
-5.06266 -2.14262 0.243998
-4.91554 -2.19813 0.240998
-4.75977 -2.25364 0.207998
-4.61265 -2.27584 0.188998
-4.43957 -2.35356 0.179998
-4.26648 -2.42017 0.149998
-4.12802 -2.47567 0.158998
-3.98955 -2.50898 0.161998
-3.80782 -2.52008 0.147998
-3.65204 -2.54228 0.112998
-3.49627 -2.55339 0.0999985
-3.32319 -2.56449 0.125999
-3.13279 -2.52008 0.141999
-2.9251 -2.45347 0.169999
-2.7174 -2.37576 0.178999
-2.5097 -2.24254 0.181999
-2.31931 -2.13152 0.180999
-2.12892 -2.03161 0.185999
-1.93852 -1.9983 0.192999
-1.7741 -1.9761 0.163999
-1.63563 -1.93169 0.113999
-1.4712 -1.82068 0.0869996
-1.31543 -1.70966 0.0849996
-1.151 -1.58754 0.0709997
-0.969262 -1.47652 0.0679998
-0.822142 -1.48763 0.0439998
-0.675022 -1.48763 0.0259998
-0.527902 -1.47652 0.0179998
-0.380782 -1.46542 0.00299982
-0.242316 -1.44322 -0.0270002
-0.112504 -1.40991 -0.0690002
0.0173083 -1.36551 -0.0980001
0.138466 -1.2989 -0.131
0.25097 -1.22118 -0.161
0.372127 -1.13237 -0.178
0.484631 -1.04356 -0.177
0.588481 -0.932541 -0.19
0.675022 -0.810423 -0.211
0.761563 -0.666101 -0.218
0.830796 -0.510677 -0.22
0.891375 -0.355254 -0.245
0.934645 -0.188729 -0.268
0.969262 -0.033305 -0.296
1.00388 0.13322 -0.311
1.02119 0.299745 -0.323
1.01253 0.477372 -0.335
1.01253 0.632796 -0.345
0.98657 0.810423 -0.366
0.951954 0.954745 -0.38
0.917337 1.11017 -0.4
0.891375 1.25449 -0.408
0.865412 1.3322 -0.417
0.830796 1.2989 -0.423
0.813488 1.22118 -0.426
0.787525 1.13237 -0.436
0.761563 1.04356 -0.44
0.761563 0.965846 -0.442
0.761563 0.932541 -0.43
0.761563 0.943643 -0.418
0.761563 0.954745 -0.411
0.761563 0.954745 -0.416
0.752909 0.965846 -0.424
0.752909 0.965846 -0.438
0.752909 0.965846 -0.422
0.752909 0.965846 -0.432
0.726946 0.976948 -0.444
0.744255 0.965846 -0.438
0.761563 0.965846 -0.429
0.761563 0.954745 -0.459
0.778871 0.965846 -0.441
0.787525 0.954745 -0.379
0.778871 0.932541 -0.396
0.761563 0.910338 -0.375
0.726946 0.854829 -0.358
0.7356 0.799321 -0.337
0.718292 0.766016 -0.338
0.718292 0.721609 -0.311
0.69233 0.699406 -0.301
0.657713 0.699406 -0.311
0.623097 0.688304 -0.324
0.597135 0.688304 -0.313
0.571172 0.666101 -0.317
0.54521 0.643897 -0.323
0.536556 0.688304 -0.285
0.536556 0.710508 -0.241
0.536556 0.777118 -0.27
0.501939 0.810423 -0.287
0.484631 0.865931 -0.303
0.458669 0.910338 -0.304
0.44136 0.954745 -0.309
0.406744 0.98805 -0.341
0.39809 1.04356 -0.339
0.380781 1.09907 -0.332
0.389436 1.15457 -0.328
0.380781 1.21008 -0.323
0.354819 1.22118 -0.327
0.346165 1.26559 -0.31
0.337511 1.27669 -0.303
0.346165 1.2989 -0.294
0.346165 1.3211 -0.288
0.346165 1.3433 -0.293
0.354819 1.35441 -0.292
0.354819 1.37661 -0.277
0.363473 1.38771 -0.269
0.372127 1.39881 -0.258
0.372127 1.40991 -0.244
0.363473 1.43212 -0.237
0.389436 1.46542 -0.179
0.372127 1.47652 -0.179
0.372127 1.49873 -0.189
0.372127 1.49873 -0.212
0.363473 1.50983 -0.219
