-0 0 0
0.00865416 4.43844e-10 -5.46744e-10
0.00865416 4.43844e-10 -5.46744e-10
0.00865416 4.43844e-10 -5.46744e-10
0.00865416 4.43844e-10 -5.46744e-10
0.00865416 4.43844e-10 -5.46744e-10
0.0173083 -1.57338e-10 1.93815e-10
0.0173083 -1.57338e-10 1.93815e-10
0.0173083 -1.57338e-10 1.93815e-10
0.0173083 -1.57338e-10 1.93815e-10
0.0173083 -1.57338e-10 1.93815e-10
0.0173083 -0.0111017 2.93698e-10
0.0173083 -0.0111017 2.93698e-10
0.0259625 -0.0111017 -2.53047e-10
0.0346167 3.29193e-10 -4.05513e-10
0.0778875 7.38162e-10 -9.09295e-10
0.2077 2.94828e-09 -3.6318e-09
0.372129 9.06092e-09 -1.11616e-08
0.545212 1.88862e-08 -2.32647e-08
0.735604 3.4594e-08 -4.26141e-08
0.925995 5.48953e-08 -6.76221e-08
1.10773 7.79003e-08 -9.59605e-08
1.28082 0.0222035 -1.28802e-07
1.42794 0.0444069 -1.59632e-07
1.58371 0.0555086 -1.9646e-07
1.73083 0.077712 -2.3594e-07
1.87795 0.0999154 -2.76357e-07
2.02507 0.122119 -3.21439e-07
2.1895 0.144322 -3.7645e-07
2.34528 0.166526 -4.3288e-07
2.51836 0.166526 -4.99175e-07
2.66548 0.199831 -5.59797e-07
2.82126 0.244238 -6.27713e-07
2.97703 0.277543 -7.0058e-07
3.13281 0.244238 -7.73175e-07
3.29724 0.222034 -8.55432e-07
3.46166 0.210933 -9.41218e-07
3.63475 0.199831 -1.03813e-06
3.79918 0.177628 -1.1325e-06
3.95495 0.199831 -1.22842e-06
4.12804 0.177628 -1.33645e-06
4.30112 0.155425 -1.44998e-06
4.4742 0.12212 -1.56779e-06
4.63863 0.0888149 -1.68461e-06
4.80306 0.0666116 -1.80626e-06
4.97614 0.05551 -1.93912e-06
5.14923 0.0444084 -2.07624e-06
5.33096 0.0333069 -2.22464e-06
5.50405 0.0222053 -2.37177e-06
5.67713 0.0111037 -2.52238e-06
5.85887 -0.0110995 -2.6873e-06
6.06657 -0.0444044 -2.88179e-06
6.28292 -0.0999127 -3.09041e-06
6.49062 -0.133218 -3.29942e-06
6.68967 -0.166522 -3.50584e-06
6.89737 -0.210929 -3.72639e-06
7.09641 -0.255336 -3.9474e-06
7.29546 -0.299742 -4.17379e-06
7.49451 -0.333047 -4.40561e-06
7.67624 -0.344149 -4.62202e-06
7.85798 -0.366352 -4.84444e-06
8.06568 -0.399657 -5.10552e-06
8.26473 -0.42186 -5.36047e-06
8.43781 -0.42186 -5.58739e-06
8.61955 -0.432961 -5.83197e-06
8.79263 -0.432961 -6.0673e-06
8.9484 -0.421859 -6.28187e-06
9.11283 -0.421859 -6.51471e-06
9.28592 -0.421859 -6.76443e-06
9.459 -0.399655 -7.01705e-06
9.62343 -0.388553 -7.26158e-06
9.80517 -0.388553 -7.53821e-06
9.97825 -0.377451 -7.80595e-06
10.134 -0.355248 -8.04967e-06
10.3071 -0.355247 -8.32609e-06
10.4802 -0.344145 -8.60754e-06
10.6446 -0.344145 -8.87936e-06
10.809 -0.355247 -9.15617e-06
10.9821 -0.355246 -9.45182e-06
11.1552 -0.355246 -9.75184e-06
11.3196 -0.355246 -1.00406e-05
11.4841 -0.355246 -1.03343e-05
11.6398 -0.377449 -1.06181e-05
11.7956 -0.38855 -1.09043e-05
11.986 -0.432957 -1.12626e-05
12.1504 -0.488465 -1.15756e-05
12.3062 -0.543973 -1.18795e-05
12.462 -0.58838 -1.21841e-05
12.6178 -0.632786 -1.24948e-05
12.7649 -0.677193 -1.27927e-05
12.9207 -0.710498 -1.31085e-05
13.0764 -0.743802 -1.34299e-05
13.2409 -0.777107 -1.37729e-05
13.3966 -0.810412 -1.41024e-05
13.5697 -0.832615 -1.44693e-05
13.7601 -0.843716 -1.48782e-05
13.9419 -0.854818 -1.52748e-05
14.1236 -0.865919 -1.56761e-05
14.2967 -0.865919 -1.60613e-05
14.4698 -0.87702 -1.64522e-05
14.6255 -0.899223 -1.68099e-05
14.79 -0.932528 -1.71933e-05
14.9544 -0.954731 -1.75792e-05
15.1188 -0.976934 -1.79707e-05
15.2833 -0.999137 -1.83646e-05
15.439 -1.02134 -1.87424e-05
15.6035 -1.03244 -1.91434e-05
15.7679 -1.04354 -1.95498e-05
15.9496 -1.04354 -2.00008e-05
16.1487 -1.03244 -2.04988e-05
16.3391 -1.02134 -2.09822e-05
16.5208 -1.01024 -2.14476e-05
16.7025 -1.01024 -2.19206e-05
16.8843 -1.01024 -2.23979e-05
17.0747 -1.01024 -2.29046e-05
17.2391 -0.999133 -2.33439e-05
17.4208 -0.976929 -2.3835e-05
17.5939 -0.965827 -2.43059e-05
17.767 -0.965827 -2.47854e-05
17.9314 -0.954725 -2.52432e-05
18.1045 -0.932521 -2.57291e-05
18.2862 -0.921419 -2.62453e-05
18.5026 -0.93252 -2.68698e-05
18.7016 -0.943621 -2.74513e-05
18.9007 -0.954723 -2.80384e-05
19.0911 -0.976926 -2.8609e-05
19.2642 -0.988027 -2.9131e-05
19.4459 -1.01023 -2.96844e-05
19.619 -1.03243 -3.02164e-05
19.7921 -1.06574 -3.07566e-05
19.9825 -1.06574 -3.13491e-05
20.1902 -1.05463 -3.20013e-05
20.3979 -1.03243 -3.26564e-05
20.5969 -0.999125 -3.32907e-05
20.796 -0.954718 -3.39288e-05
20.995 -0.899209 -3.45722e-05
21.1854 -0.832598 -3.51913e-05
21.3758 -0.765988 -3.58177e-05
21.5489 -0.677174 -3.63899e-05
21.7133 -0.577258 -3.69363e-05
21.8691 -0.466241 -3.74584e-05
22.0248 -0.366325 -3.79878e-05
22.172 -0.244206 -3.84914e-05
22.3191 -0.122087 -3.89999e-05
22.4489 3.20283e-05 -3.94536e-05
22.5787 0.144354 -3.99132e-05
22.6566 0.421897 -4.0201e-05
22.7258 0.666134 -4.04676e-05
22.7778 0.932575 -4.06865e-05
22.821 1.19902 -4.08847e-05
22.8729 1.46546 -4.11267e-05
22.9162 1.7319 -4.13491e-05
22.9595 1.99834 -4.15831e-05
23.0114 2.24257 -4.18506e-05
23.0633 2.46461 -4.21206e-05
23.0893 2.68664 -4.23039e-05
23.1066 2.89757 -4.24593e-05
23.1239 3.09741 -4.2616e-05
23.1239 3.29724 -4.27169e-05
23.1153 3.49707 -4.27917e-05
23.0979 3.6969 -4.28426e-05
23.0806 3.88563 -4.28917e-05
23.0547 4.07435 -4.29167e-05
23.0287 4.27418 -4.29531e-05
23.0028 4.46291 -4.29889e-05
22.9768 4.65164 -4.30321e-05
22.9595 4.84037 -4.31099e-05
22.9422 5.0291 -4.31944e-05
22.9249 5.16232 -4.32394e-05
22.9076 5.29554 -4.32865e-05
22.8902 5.43986 -4.33468e-05
22.8989 5.6841 -4.35922e-05
22.8902 5.91723 -4.37713e-05
22.8902 6.16147 -4.40038e-05
22.8816 6.39461 -4.4203e-05
22.8816 6.62774 -4.44418e-05
22.8729 6.84978 -4.46468e-05
22.8729 7.07181 -4.48891e-05
22.8816 7.29384 -4.51703e-05
22.8816 7.50478 -4.5416e-05
22.8729 7.6491 -4.55569e-05
22.8556 7.79342 -4.56711e-05
22.847 7.93774 -4.58186e-05
22.8383 8.10427 -4.59963e-05
22.821 8.27079 -4.61487e-05
22.8123 8.44842 -4.63522e-05
22.795 8.61494 -4.65136e-05
22.8037 8.84808 -4.68645e-05
22.795 9.0146 -4.70678e-05
22.7864 9.17003 -4.72585e-05
22.7777 9.32545 -4.74547e-05
22.7777 9.49198 -4.76987e-05
22.7691 9.6474 -4.79027e-05
22.7777 9.89164 -4.83092e-05
22.7864 10.1137 -4.86893e-05
22.8297 10.1581 -4.89137e-05
22.8902 10.1359 -4.9096e-05
22.8902 10.3912 -4.95077e-05
22.8643 10.5688 -4.97079e-05
22.847 10.7354 -4.99243e-05
22.8296 10.913 -5.01644e-05
22.8123 11.0795 -5.03917e-05
22.795 11.2571 -5.06403e-05
22.7864 11.4348 -5.09271e-05
22.7777 11.6124 -5.12183e-05
22.7777 11.7789 -5.15245e-05
22.7691 11.9566 -5.18238e-05
22.7691 12.1342 -5.21612e-05
22.7604 12.3007 -5.24492e-05
22.7604 12.4783 -5.2796e-05
22.7518 12.6449 -5.30937e-05
22.7518 12.8225 -5.34495e-05
22.6912 12.9446 -5.34811e-05
22.6479 13.0667 -5.3578e-05
22.6046 13.1999 -5.36995e-05
22.57 13.3332 -5.38536e-05
22.5441 13.4775 -5.4067e-05
22.5181 13.6218 -5.42832e-05
22.5008 13.7661 -5.45328e-05
22.4835 13.9216 -5.48099e-05
22.4662 14.0659 -5.50667e-05
22.4489 14.2102 -5.53266e-05
22.4315 14.3767 -5.56391e-05
22.4229 14.5543 -5.60127e-05
22.4142 14.732 -5.63911e-05
22.4056 14.8985 -5.67492e-05
22.4142 15.0872 -5.72244e-05
22.4229 15.276 -5.77054e-05
22.4315 15.4536 -5.8165e-05
22.4402 15.6423 -5.86563e-05
22.4575 15.8199 -5.91565e-05
22.4662 16.0087 -5.96599e-05
22.4662 16.1752 -6.00808e-05
22.4748 16.3528 -6.05649e-05
22.4835 16.5193 -6.10258e-05
22.4835 16.697 -6.14896e-05
22.4835 16.8746 -6.19593e-05
22.4835 17.03 -6.23731e-05
22.5094 17.2854 -6.31532e-05
22.5267 17.463 -6.36995e-05
22.5527 17.6517 -6.4312e-05
22.6392 17.5851 -6.44322e-05
22.7171 17.5629 -6.46482e-05
22.7864 17.574 -6.49263e-05
22.8383 17.6184 -6.52344e-05
22.8902 17.6739 -6.55734e-05
22.9421 17.7405 -6.59454e-05
22.9854 17.8182 -6.63186e-05
23.02 17.9182 -6.67239e-05
23.046 18.0181 -6.70996e-05
23.0027 18.2845 -6.77042e-05
22.9421 18.5621 -6.82898e-05
22.8642 18.773 -6.86295e-05
22.7777 19.0061 -6.90124e-05
22.769 19.0949 -6.92484e-05
22.7517 19.1838 -6.94541e-05
22.7258 19.2726 -6.96298e-05
22.6912 19.3614 -6.97767e-05
22.6306 19.4613 -6.98655e-05
22.57 19.5834 -7.00259e-05
22.4748 19.7055 -7.0068e-05
22.371 19.8388 -7.01187e-05
22.2585 19.972 -7.01418e-05
22.1373 20.0941 -7.01045e-05
22.0421 20.1607 -6.99866e-05
21.9382 20.2162 -6.98056e-05
21.8257 20.2828 -6.96308e-05
21.7046 20.3383 -6.93954e-05
21.5834 20.3827 -6.91277e-05
21.445 20.4382 -6.88382e-05
21.2978 20.4937 -6.85257e-05
21.1507 20.5382 -6.81801e-05
21.0036 20.5937 -6.7874e-05
20.8565 20.6381 -6.75346e-05
20.7007 20.6825 -6.71731e-05
20.5276 20.7269 -6.676e-05
20.3718 20.7602 -6.63688e-05
20.2074 20.7824 -6.59189e-05
20.0343 20.8046 -6.54453e-05
19.8786 20.8157 -6.49956e-05
19.7141 20.8046 -6.44484e-05
19.541 20.8046 -6.39169e-05
19.368 20.8046 -6.33893e-05
19.2035 20.8046 -6.2893e-05
19.0391 20.8157 -6.24385e-05
18.8747 20.8157 -6.19503e-05
18.7103 20.8046 -6.14282e-05
18.5372 20.7935 -6.08895e-05
18.3727 20.7824 -6.03775e-05
18.217 20.7935 -5.99681e-05
18.0439 20.8046 -5.95109e-05
17.8708 20.8379 -5.91347e-05
17.6977 20.8712 -5.87618e-05
17.5246 20.9045 -5.83939e-05
17.3516 20.9267 -5.79941e-05
17.1785 20.96 -5.76358e-05
17.014 20.9711 -5.72327e-05
16.841 21.0044 -5.68836e-05
16.6592 21.0155 -5.64432e-05
16.4602 21.0377 -5.60022e-05
16.2784 21.0599 -5.56086e-05
16.0967 21.071 -5.51849e-05
15.9236 21.0821 -5.4788e-05
15.7332 21.0932 -5.4353e-05
15.5428 21.1043 -5.3923e-05
15.3611 21.1043 -5.34833e-05
15.188 21.1043 -5.30689e-05
15.0322 21.0932 -5.26648e-05
14.8765 21.0932 -5.23003e-05
14.7034 21.0932 -5.1899e-05
14.5303 21.0821 -5.14656e-05
14.3745 21.0821 -5.11132e-05
14.2101 21.0821 -5.0745e-05
14.037 21.071 -5.03252e-05
13.8639 21.0599 -4.99111e-05
13.6908 21.0488 -4.95015e-05
13.5264 21.0488 -4.9151e-05
13.362 21.0488 -4.88048e-05
13.1889 21.0599 -4.84814e-05
12.9812 21.1709 -4.84245e-05
12.7735 21.2708 -4.83394e-05
12.5745 21.3708 -4.82786e-05
12.4014 21.3597 -4.7903e-05
12.2283 21.3486 -4.75327e-05
12.0725 21.3153 -4.71236e-05
11.9167 21.3042 -4.67941e-05
11.735 21.3042 -4.64572e-05
11.5533 21.3042 -4.6126e-05
11.3802 21.3042 -4.58154e-05
11.1985 21.3153 -4.55312e-05
10.9908 21.4152 -4.55066e-05
10.8177 21.4041 -4.51731e-05
10.6446 21.4041 -4.48826e-05
10.4542 21.504 -4.49059e-05
10.2552 21.5928 -4.48839e-05
10.0388 21.7149 -4.49552e-05
9.82245 21.8259 -4.49988e-05
9.65802 21.8814 -4.49386e-05
9.48494 21.9258 -4.48333e-05
9.3032 21.9702 -4.47183e-05
9.13012 22.0036 -4.45834e-05
8.94838 22.0369 -4.44403e-05
8.76664 22.0702 -4.4305e-05
8.60221 22.1035 -4.41972e-05
8.45509 21.9702 -4.35396e-05
8.30797 21.8592 -4.29641e-05
8.16085 21.7704 -4.24697e-05
8.01373 21.6927 -4.20169e-05
7.86661 21.6261 -4.1607e-05
7.71084 21.5706 -4.12286e-05
7.54641 21.5262 -4.0882e-05
7.39929 21.4818 -4.056e-05
7.23486 21.4485 -4.02602e-05
7.04447 21.5151 -4.02715e-05
6.88869 21.4707 -3.99529e-05
6.73292 21.4374 -3.96732e-05
6.56849 21.4041 -3.93898e-05
6.40406 21.3819 -3.91469e-05
6.25694 21.3486 -3.88913e-05
6.10982 21.3152 -3.86362e-05
5.95405 21.2819 -3.83778e-05
5.78962 21.2597 -3.81524e-05
5.62519 21.2375 -3.79304e-05
5.46942 21.2375 -3.77954e-05
5.27037 21.3374 -3.79632e-05
5.07998 21.4485 -3.81828e-05
4.93286 21.4041 -3.7917e-05
4.78574 21.3597 -3.76556e-05
4.62131 21.3374 -3.74606e-05
4.43092 21.4374 -3.76611e-05
4.23187 21.5373 -3.78645e-05
4.04148 21.6372 -3.80796e-05
3.89436 21.5928 -3.78377e-05
3.73859 21.5706 -3.76681e-05
3.57416 21.5595 -3.7538e-05
3.40973 21.5484 -3.74083e-05
3.25396 21.5373 -3.72915e-05
3.08953 21.5373 -3.72099e-05
2.89914 21.615 -3.73833e-05
2.72605 21.615 -3.73072e-05
2.55297 21.6039 -3.71986e-05
2.38854 21.5928 -3.70971e-05
2.21546 21.5706 -3.6958e-05
2.05103 21.5595 -3.68675e-05
1.85199 21.6816 -3.72204e-05
1.65294 21.7926 -3.7544e-05
1.46255 21.9036 -3.78789e-05
1.31543 21.837 -3.76195e-05
1.16831 21.7926 -3.74375e-05
1.01253 21.7482 -3.72599e-05
0.85676 21.7149 -3.71231e-05
0.700985 21.6816 -3.69906e-05
0.536557 21.6483 -3.6861e-05
0.380782 21.6372 -3.68122e-05
0.216353 21.6372 -3.68039e-05
0.0432707 21.6261 -3.67627e-05
-0.121158 21.6261 -3.6764e-05
-0.294241 21.6261 -3.67691e-05
-0.475978 21.615 -3.67434e-05
-0.640406 21.615 -3.67578e-05
-0.796181 21.6261 -3.68121e-05
-0.951955 21.6261 -3.68333e-05
-1.10773 21.6261 -3.68588e-05
-1.27216 21.6261 -3.68895e-05
-1.41928 21.6261 -3.69203e-05
-1.55775 21.6372 -3.69902e-05
-1.72217 21.6483 -3.70709e-05
-1.89526 21.6705 -3.71961e-05
-2.07699 21.6816 -3.72901e-05
-2.25008 21.6816 -3.73482e-05
-2.4145 21.6816 -3.74085e-05
-2.57028 21.6705 -3.74319e-05
-2.73471 21.6705 -3.75003e-05
-2.90779 21.6705 -3.75766e-05
-3.15876 21.7371 -3.79224e-05
-3.40108 21.8148 -3.83124e-05
-3.65205 21.8814 -3.86804e-05
-3.79917 21.8703 -3.87283e-05
-3.95494 21.8481 -3.87455e-05
-4.11937 21.8148 -3.87356e-05
-4.27514 21.7815 -3.87245e-05
-4.43957 21.7482 -3.87228e-05
-4.58669 21.7038 -3.8675e-05
-4.74247 21.6372 -3.85616e-05
-4.89824 21.5706 -3.84522e-05
-5.03671 21.4929 -3.82968e-05
-5.18383 21.4041 -3.8116e-05
-5.33095 21.3263 -3.79761e-05
-5.50403 21.2375 -3.78249e-05
-5.67712 21.1598 -3.7717e-05
-5.84154 21.0599 -3.75349e-05
-5.98866 20.96 -3.73404e-05
-6.1704 20.8934 -3.72948e-05
-6.34348 20.8268 -3.7246e-05
-6.50791 20.7602 -3.71936e-05
-6.67234 20.6825 -3.71101e-05
-6.81946 20.5936 -3.69775e-05
-6.94927 20.4937 -3.67941e-05
-7.06178 20.3827 -3.65617e-05
-7.15697 20.2717 -3.63131e-05
-7.22621 20.1163 -3.58966e-05
-7.28679 19.9497 -3.54419e-05
-7.33871 19.7832 -3.49808e-05
-7.27813 19.5945 -3.4327e-05
-7.21755 19.3614 -3.35453e-05
-7.16563 19.1393 -3.2813e-05
-7.21755 19.0061 -3.24728e-05
-7.27813 18.8618 -3.21123e-05
-7.33871 18.7064 -3.17232e-05
-7.3041 18.4621 -3.09694e-05
-7.35602 18.3289 -3.06437e-05
-7.39929 18.2068 -3.03435e-05
-7.37333 17.9847 -2.9681e-05
-7.35602 17.7627 -2.90371e-05
-7.33871 17.5296 -2.83703e-05
-7.37333 17.3964 -2.80447e-05
-7.4166 17.2742 -2.77631e-05
-7.45987 17.141 -2.74532e-05
-7.49449 17.0078 -2.71351e-05
-7.52911 16.8857 -2.68512e-05
-7.48583 16.6303 -2.61265e-05
-7.45122 16.4083 -2.55106e-05
-7.42526 16.1863 -2.49104e-05
-7.45122 16.0641 -2.4632e-05
-7.49449 15.9531 -2.4403e-05
-7.52911 15.8421 -2.41653e-05
-7.56372 15.72 -2.3903e-05
-7.58103 15.5757 -2.3568e-05
-7.60699 15.4314 -2.3248e-05
-7.52911 15.1316 -2.24362e-05
-7.45987 14.8541 -2.17005e-05
-7.40795 14.6098 -2.10744e-05
-7.36468 14.3656 -2.04676e-05
-7.38199 14.2768 -2.02887e-05
-7.40795 14.1769 -2.00943e-05
-7.43391 14.0769 -1.99022e-05
-7.45988 13.977 -1.97125e-05
-7.45122 13.7217 -1.9146e-05
-7.45988 13.4775 -1.86346e-05
-7.45988 13.2443 -1.81459e-05
-7.45122 13.0112 -1.76537e-05
-7.45122 12.8003 -1.72262e-05
-7.42526 12.5782 -1.67519e-05
-7.43391 12.4894 -1.65872e-05
-7.43391 12.2785 -1.61758e-05
-7.43391 12.0786 -1.5794e-05
-7.43391 11.8899 -1.54383e-05
-7.43391 11.7012 -1.50884e-05
-7.45988 11.6124 -1.49571e-05
-7.47719 11.5236 -1.48154e-05
-7.48584 11.4236 -1.46443e-05
-7.49449 11.3237 -1.44771e-05
-7.48584 11.0906 -1.40568e-05
-7.50315 11.0018 -1.39212e-05
-7.52046 10.9019 -1.37703e-05
-7.52911 10.7908 -1.35906e-05
-7.52911 10.6909 -1.34232e-05
-7.53777 10.5799 -1.32461e-05
-7.50315 10.369 -1.28592e-05
-7.46853 10.1692 -1.24949e-05
-7.43392 9.96932 -1.21384e-05
-7.40795 9.78059 -1.18157e-05
-7.38199 9.60296 -1.1516e-05
-7.36468 9.41424 -1.12131e-05
-7.35603 9.22551 -1.09261e-05
-7.34738 9.04788 -1.06604e-05
-7.33007 8.87025 -1.03898e-05
-7.32141 8.69263 -1.01364e-05
-7.31276 8.5261 -9.90055e-06
-7.30411 8.34847 -9.65477e-06
-7.27814 8.15975 -9.3809e-06
-7.30411 7.97102 -9.17162e-06
-7.33872 7.8378 -9.04557e-06
-7.34738 7.67127 -8.85243e-06
-7.38199 7.47144 -8.65433e-06
-7.37334 7.30492 -8.45054e-06
-7.35603 7.13839 -8.24182e-06
-7.3993 6.96076 -8.09451e-06
-7.37334 6.79424 -7.8849e-06
-7.35603 6.61661 -7.677e-06
-7.32142 6.41678 -7.43359e-06
-7.35603 6.29466 -7.35092e-06
-7.382 6.08373 -7.17521e-06
-7.3993 5.8839 -7.00805e-06
-7.40796 5.69517 -6.84482e-06
-7.41661 5.49534 -6.67959e-06
-7.42527 5.30661 -6.52989e-06
-7.40796 5.12898 -6.36341e-06
-7.382 4.95136 -6.1939e-06
-7.35603 4.77373 -6.0266e-06
-7.33873 4.585 -5.86867e-06
-7.33007 4.41848 -5.74014e-06
-7.31276 4.22975 -5.59204e-06
-7.30411 4.05212 -5.46704e-06
-7.2868 3.87449 -5.33733e-06
-7.26949 3.69687 -5.21187e-06
-7.26084 3.57475 -5.13188e-06
-7.22622 3.40822 -5.00163e-06
-7.1743 3.21949 -4.84493e-06
-7.12237 3.05297 -4.70385e-06
-7.07045 2.89754 -4.57385e-06
-7.01852 2.75322 -4.45218e-06
-6.95794 2.5978 -4.31981e-06
-6.88871 2.45348 -4.1876e-06
-6.79352 2.35356 -4.04904e-06
-6.69832 2.25365 -3.9115e-06
-6.59447 2.14263 -3.76522e-06
-6.44735 2.05382 -3.58529e-06
-6.32619 1.9317 -3.42703e-06
-6.19638 1.79848 -3.25979e-06
-6.06657 1.67636 -3.10219e-06
-5.94541 1.55424 -2.9566e-06
-5.80694 1.44322 -2.80306e-06
-5.68578 1.35441 -2.67493e-06
-5.55597 1.26559 -2.54274e-06
-5.41751 1.17678 -2.4065e-06
-5.28769 1.15458 -2.29272e-06
-5.15788 1.13237 -2.18287e-06
-5.02807 1.04356 -2.06522e-06
-4.87229 0.965849 -1.93148e-06
-4.71652 0.877035 -1.80257e-06
-4.55209 0.799323 -1.6724e-06
-4.39631 0.710509 -1.55227e-06
-4.24054 0.632797 -1.43969e-06
-4.08476 0.555086 -1.33072e-06
-3.92899 0.477374 -1.22561e-06
-3.76456 0.410763 -1.12261e-06
-3.60013 0.355255 -1.02466e-06
-3.42705 0.299746 -9.26601e-07
-3.27127 0.266441 -8.43708e-07
-3.09819 0.255339 -7.5627e-07
-2.95972 0.222034 -6.9031e-07
-2.82126 0.188729 -6.24942e-07
-2.68279 0.155424 -5.65254e-07
-2.48374 0.122119 -4.83632e-07
-2.27604 0.0888138 -4.05663e-07
-2.11162 0.044407 -3.48925e-07
-1.95584 0.0111019 -2.98734e-07
-1.80007 -0.0333049 -2.54281e-07
-1.63564 -0.0555083 -2.09499e-07
-1.47121 -0.0777117 -1.68322e-07
-1.32409 -0.0999151 -1.37574e-07
-1.16831 -0.122118 -1.07976e-07
-1.01254 -0.155424 -8.25972e-08
-0.848108 -0.188729 -5.98046e-08
-0.692333 -0.222034 -4.09499e-08
-0.579829 -0.233135 -3.06831e-08
-0.545212 -0.233135 -2.81846e-08
-0.527904 -0.233135 -2.61941e-08
-0.493287 -0.255339 -2.38561e-08
-0.450016 -0.266441 -2.19693e-08
-0.363475 -0.277542 -1.55048e-08
-0.242317 -0.288644 -1.08925e-08
-0.121158 -0.277542 -6.56246e-09
-0.0173083 -0.266441 -5.65444e-09
0.00865416 -0.266441 -5.84265e-09
-0.0259625 -0.244237 -4.75624e-09
-0.051925 -0.222034 -3.4911e-09
-0.051925 -0.255339 -5.16867e-09
-0.051925 -0.277542 -5.75675e-09
-0.0692333 -0.288644 -7.26145e-09
-0.0692333 -0.299746 -7.52715e-09
-0.0605791 -0.310847 -8.29815e-09
-0.051925 -0.321949 -8.41577e-09
-0.051925 -0.321949 -8.41577e-09
-0.0432708 -0.333051 -7.95614e-09
