39.0698 117.105 -0.137
39.0698 117.105 -0.148
39.0698 117.105 -0.16
39.0698 117.105 -0.154
39.0698 117.105 -0.153
39.0698 117.105 -0.148
39.0698 117.105 -0.153
39.0698 117.105 -0.177
39.0698 117.105 -0.183
39.0698 117.105 -0.183
39.0698 117.105 -0.173
39.0698 117.105 -0.221
39.0698 117.105 -0.209
39.0698 117.105 -0.195
39.0698 117.105 -0.215
39.0698 117.105 -0.234
39.0698 117.105 -0.241
39.0698 117.105 -0.263
39.0698 117.105 -0.283
39.0698 117.105 -0.305
39.0698 117.105 -0.336
39.0698 117.105 -0.366
39.0698 117.105 -0.401
39.0698 117.105 -0.424
39.0698 117.105 -0.45
39.0698 117.105 -0.476
39.0698 117.105 -0.505
39.0698 117.105 -0.541
39.0698 117.105 -0.575
39.0698 117.105 -0.59
39.0698 117.105 -0.612
39.0698 117.105 -0.636
39.0698 117.105 -0.655
39.0698 117.105 -0.671
39.0698 117.105 -0.698
39.0698 117.105 -0.723
39.0698 117.105 -0.754
39.0698 117.105 -0.786
39.0698 117.105 -0.817
39.0698 117.105 -0.847
39.0698 117.105 -0.871
39.0698 117.105 -0.895
39.0698 117.105 -0.915
39.0698 117.105 -0.93
39.0698 117.105 -0.943
39.0698 117.105 -0.957
39.0698 117.105 -0.97
39.0698 117.105 -0.981
39.0698 117.105 -0.991
39.0698 117.105 -1.011
39.0698 117.105 -1.037
39.0698 117.105 -1.053
39.0698 117.105 -1.069
39.0698 117.105 -1.092
39.0698 117.105 -1.115
39.0698 117.105 -1.139
39.0698 117.105 -1.151
39.0698 117.105 -1.171
39.0698 117.105 -1.188
39.0698 117.105 -1.194
39.0698 117.105 -1.21
39.0698 117.105 -1.231
39.0698 117.105 -1.223
39.0698 117.105 -1.237
39.0698 117.105 -1.248
39.0698 117.105 -1.255
39.0698 117.105 -1.27
39.0698 117.105 -1.292
39.0698 117.105 -1.305
39.0698 117.105 -1.321
39.0698 117.105 -1.336
39.0698 117.105 -1.35
39.0698 117.105 -1.358
39.0698 117.105 -1.367
39.0698 117.105 -1.367
39.0698 117.105 -1.376
39.0698 117.105 -1.381
39.0698 117.105 -1.389
39.0698 117.105 -1.398
39.0698 117.105 -1.408
39.0698 117.105 -1.416
39.0698 117.105 -1.42
39.0698 117.105 -1.429
39.0698 117.105 -1.436
39.0698 117.105 -1.444
39.0698 117.105 -1.451
39.0698 117.105 -1.461
39.0698 117.105 -1.469
39.0698 117.105 -1.478
39.0698 117.105 -1.489
39.0698 117.105 -1.494
39.0698 117.105 -1.504
39.0698 117.105 -1.509
39.0698 117.105 -1.514
39.0698 117.105 -1.524
39.0698 117.105 -1.535
39.0698 117.105 -1.543
39.0698 117.105 -1.554
39.0698 117.105 -1.55
39.0698 117.105 -1.554
39.0698 117.105 -1.574
39.0698 117.105 -1.581
39.0698 117.105 -1.579
39.0698 117.105 -1.592
39.0698 117.105 -1.608
39.0698 117.105 -1.615
39.0698 117.105 -1.627
39.0698 117.105 -1.641
39.0698 117.105 -1.646
39.0698 117.105 -1.664
39.0698 117.105 -1.686
39.0698 117.105 -1.697
39.0698 117.105 -1.717
39.0698 117.105 -1.735
39.0698 117.105 -1.762
39.0698 117.105 -1.785
39.0698 117.105 -1.805
39.0698 117.105 -1.826
39.0698 117.105 -1.841
39.0698 117.105 -1.864
39.0698 117.105 -1.867
39.0698 117.105 -1.884
39.0698 117.105 -1.902
39.0698 117.105 -1.913
39.0698 117.105 -1.936
39.0698 117.105 -1.958
39.0698 117.105 -1.983
39.0698 117.105 -1.991
39.0698 117.105 -2.006
39.0698 117.105 -2.014
39.0698 117.105 -2.017
39.0698 117.105 -2.033
39.0698 117.105 -2.053
39.0698 117.105 -2.065
39.0698 117.105 -2.074
39.0698 117.105 -2.091
39.0698 117.105 -2.096
39.0698 117.105 -2.092
39.0698 117.105 -2.081
39.0698 117.105 -2.083
39.0698 117.105 -2.087
39.0698 117.105 -2.1
39.0698 117.105 -2.116
39.0698 117.105 -2.12
39.0698 117.105 -2.12
39.0698 117.105 -2.144
39.0698 117.105 -2.162
39.0698 117.105 -2.179
39.0698 117.105 -2.202
39.0698 117.105 -2.214
39.0698 117.105 -2.216
39.0698 117.105 -2.242
39.0698 117.105 -2.273
39.0699 117.105 -2.298
39.0699 117.105 -2.339
39.0699 117.105 -2.371
39.0699 117.105 -2.391
39.0699 117.105 -2.424
39.0699 117.105 -2.46
39.0699 117.105 -2.477
39.0699 117.105 -2.506
39.0699 117.105 -2.532
39.0699 117.105 -2.554
39.0699 117.105 -2.579
39.0699 117.105 -2.599
39.0699 117.105 -2.618
39.0699 117.105 -2.635
39.0699 117.105 -2.649
39.0699 117.105 -2.671
39.0699 117.105 -2.709
39.0699 117.105 -2.741
39.0699 117.105 -2.772
39.0699 117.105 -2.801
39.0699 117.105 -2.818
39.0699 117.105 -2.845
39.0699 117.105 -2.863
39.0699 117.105 -2.881
39.0699 117.105 -2.892
39.0699 117.105 -2.916
39.0699 117.105 -2.921
39.0699 117.105 -2.935
39.0699 117.105 -2.965
39.0699 117.105 -2.972
39.0699 117.105 -2.991
39.0699 117.105 -3.009
39.0699 117.105 -3.033
39.0699 117.105 -3.075
39.0699 117.105 -3.096
39.0699 117.105 -3.096
39.0699 117.105 -3.116
39.0699 117.105 -3.146
39.0699 117.105 -3.163
39.0699 117.105 -3.164
39.0699 117.105 -3.158
39.0699 117.105 -3.16
39.0699 117.105 -3.178
39.0699 117.105 -3.185
39.0699 117.105 -3.214
39.0699 117.105 -3.257
39.0699 117.105 -3.281
39.0699 117.105 -3.311
39.0699 117.105 -3.348
39.0699 117.105 -3.362
39.0699 117.105 -3.381
39.0699 117.105 -3.409
39.0699 117.105 -3.436
39.0699 117.105 -3.456
39.0699 117.105 -3.482
39.0699 117.105 -3.504
39.0699 117.105 -3.526
39.0699 117.105 -3.554
39.0699 117.105 -3.602
39.0699 117.105 -3.638
39.0699 117.105 -3.644
39.0699 117.105 -3.637
39.0699 117.105 -3.665
39.0699 117.105 -3.689
39.0699 117.105 -3.678
39.0699 117.105 -3.686
39.0699 117.105 -3.708
39.0699 117.105 -3.719
39.0699 117.105 -3.74
39.0699 117.105 -3.765
39.0699 117.105 -3.764
39.0699 117.105 -3.75
39.0699 117.105 -3.749
39.0699 117.105 -3.766
39.0699 117.105 -3.771
39.0699 117.105 -3.769
39.0699 117.105 -3.773
39.0699 117.105 -3.777
39.0699 117.105 -3.778
39.0699 117.105 -3.781
39.0699 117.105 -3.803
39.0699 117.105 -3.809
39.0699 117.105 -3.806
39.0699 117.105 -3.818
39.0699 117.105 -3.819
39.0699 117.105 -3.828
39.0699 117.105 -3.844
39.0699 117.105 -3.84
39.0699 117.105 -3.836
39.0699 117.105 -3.825
39.0699 117.105 -3.818
39.0699 117.105 -3.818
39.0699 117.105 -3.817
39.0699 117.105 -3.813
39.0699 117.105 -3.805
39.0699 117.105 -3.805
39.0699 117.105 -3.803
39.0699 117.105 -3.79
39.0699 117.105 -3.788
39.0699 117.105 -3.791
39.0699 117.105 -3.786
39.0699 117.105 -3.785
39.0699 117.105 -3.777
39.0699 117.105 -3.754
39.0699 117.105 -3.745
39.0699 117.105 -3.746
39.0699 117.105 -3.727
39.0699 117.105 -3.714
39.0699 117.105 -3.702
39.0699 117.105 -3.691
39.0699 117.105 -3.674
39.0699 117.105 -3.648
39.0699 117.105 -3.614
39.0699 117.105 -3.585
39.0699 117.105 -3.559
39.0699 117.105 -3.541
39.0699 117.105 -3.515
39.0699 117.105 -3.497
39.0699 117.105 -3.47
39.0699 117.105 -3.448
39.0699 117.105 -3.425
39.0699 117.105 -3.413
39.0699 117.105 -3.398
39.0699 117.105 -3.377
39.0699 117.105 -3.362
39.0699 117.105 -3.347
39.0699 117.105 -3.317
39.0699 117.105 -3.285
39.0699 117.105 -3.255
39.0699 117.105 -3.227
39.0699 117.105 -3.206
39.0699 117.105 -3.184
39.0699 117.105 -3.151
39.0699 117.105 -3.113
39.0699 117.105 -3.093
39.0699 117.105 -3.068
39.07 117.105 -3.031
39.07 117.105 -3.002
39.07 117.105 -2.959
39.07 117.105 -2.922
39.07 117.105 -2.904
39.07 117.105 -2.869
39.07 117.105 -2.831
39.07 117.105 -2.799
39.07 117.105 -2.751
39.07 117.105 -2.709
39.07 117.105 -2.664
39.07 117.105 -2.623
39.07 117.105 -2.573
39.07 117.105 -2.538
39.07 117.105 -2.518
39.07 117.105 -2.488
39.07 117.105 -2.443
39.07 117.105 -2.413
39.07 117.105 -2.37
39.07 117.105 -2.347
39.07 117.105 -2.323
39.07 117.105 -2.294
39.07 117.105 -2.24
39.07 117.105 -2.202
39.07 117.105 -2.187
39.07 117.105 -2.166
39.07 117.105 -2.15
39.07 117.105 -2.105
39.07 117.105 -2.079
39.07 117.105 -2.051
39.07 117.105 -2.019
39.07 117.105 -1.994
39.07 117.105 -1.955
39.07 117.105 -1.923
39.07 117.105 -1.887
39.07 117.105 -1.856
39.07 117.105 -1.824
39.07 117.105 -1.794
39.07 117.105 -1.78
39.07 117.105 -1.762
39.07 117.105 -1.735
39.07 117.105 -1.724
39.07 117.105 -1.717
39.07 117.105 -1.698
39.07 117.105 -1.674
39.07 117.105 -1.648
39.07 117.105 -1.632
39.07 117.105 -1.623
39.07 117.105 -1.592
39.07 117.105 -1.562
39.07 117.105 -1.539
39.07 117.105 -1.52
39.07 117.105 -1.503
39.07 117.105 -1.487
39.07 117.105 -1.456
39.07 117.105 -1.433
39.07 117.105 -1.408
39.07 117.105 -1.386
39.07 117.105 -1.372
39.07 117.105 -1.356
39.07 117.105 -1.337
39.07 117.105 -1.323
39.07 117.105 -1.324
39.07 117.105 -1.308
39.07 117.105 -1.306
39.07 117.105 -1.295
39.07 117.105 -1.288
39.07 117.105 -1.293
39.07 117.105 -1.279
39.07 117.105 -1.268
39.07 117.105 -1.257
39.07 117.105 -1.256
39.07 117.105 -1.241
39.07 117.105 -1.221
39.07 117.105 -1.209
39.07 117.105 -1.222
39.07 117.105 -1.212
39.07 117.105 -1.215
39.07 117.105 -1.196
39.07 117.105 -1.189
39.07 117.105 -1.188
39.07 117.105 -1.18
39.07 117.105 -1.192
39.07 117.105 -1.195
39.07 117.105 -1.214
39.07 117.105 -1.218
39.07 117.105 -1.239
39.07 117.105 -1.237
39.07 117.105 -1.229
39.07 117.105 -1.245
39.07 117.105 -1.233
39.07 117.105 -1.241
39.07 117.105 -1.263
39.07 117.105 -1.27
39.07 117.105 -1.285
39.07 117.105 -1.314
39.07 117.105 -1.323
39.07 117.105 -1.343
39.07 117.105 -1.356
39.07 117.105 -1.391
39.07 117.105 -1.426
39.07 117.105 -1.447
39.07 117.105 -1.473
39.07 117.105 -1.487
39.07 117.105 -1.497
39.07 117.105 -1.517
39.07 117.105 -1.541
39.07 117.105 -1.556
39.07 117.105 -1.572
39.07 117.105 -1.585
39.07 117.105 -1.596
39.07 117.105 -1.604
39.07 117.105 -1.601
39.07 117.105 -1.594
39.07 117.105 -1.602
39.07 117.105 -1.602
39.07 117.105 -1.603
39.07 117.105 -1.596
39.07 117.105 -1.612
39.07 117.105 -1.61
39.07 117.105 -1.612
39.07 117.105 -1.61
39.07 117.105 -1.591
39.07 117.105 -1.565
39.07 117.105 -1.558
39.07 117.105 -1.547
39.07 117.105 -1.545
39.07 117.105 -1.517
39.07 117.105 -1.484
39.07 117.105 -1.47
39.07 117.105 -1.466
39.07 117.105 -1.45
39.07 117.105 -1.452
39.07 117.105 -1.462
39.07 117.105 -1.477
39.07 117.105 -1.475
39.07 117.105 -1.451
39.07 117.105 -1.461
39.07 117.105 -1.476
39.07 117.105 -1.458
39.07 117.105 -1.449
39.07 117.105 -1.451
39.07 117.105 -1.432
39.07 117.105 -1.432
39.07 117.105 -1.445
39.07 117.105 -1.427
39.07 117.105 -1.431
39.07 117.105 -1.423
39.07 117.105 -1.413
39.07 117.105 -1.338
39.07 117.105 -1.322
39.07 117.105 -1.298
39.07 117.105 -1.265
39.07 117.105 -1.271
39.07 117.105 -1.252
39.07 117.104 -1.236
39.07 117.104 -1.242
39.07 117.104 -1.212
39.07 117.104 -1.189
39.07 117.104 -1.19
39.07 117.104 -1.169
39.07 117.104 -1.15
39.07 117.104 -1.105
39.07 117.104 -1.058
39.07 117.104 -0.996
39.07 117.104 -0.98
39.07 117.104 -0.979
39.07 117.104 -0.961
39.07 117.104 -0.993
39.07 117.104 -0.996
39.07 117.104 -0.978
39.07 117.104 -0.934
39.07 117.104 -0.913
39.07 117.104 -0.897
39.07 117.104 -0.864
39.07 117.104 -0.821
39.07 117.104 -0.796
39.07 117.104 -0.782
39.07 117.104 -0.793
39.07 117.104 -0.767
39.07 117.104 -0.733
39.07 117.104 -0.714
39.07 117.104 -0.715
39.07 117.104 -0.691
39.07 117.104 -0.686
39.07 117.104 -0.682
39.07 117.104 -0.663
39.07 117.104 -0.655
39.07 117.104 -0.623
39.07 117.104 -0.607
39.0699 117.104 -0.614
39.0699 117.104 -0.6
39.0699 117.104 -0.584
39.0699 117.104 -0.549
39.0699 117.104 -0.509
39.0699 117.104 -0.475
39.0699 117.104 -0.488
39.0699 117.104 -0.492
39.0699 117.104 -0.505
39.0699 117.104 -0.528
39.0699 117.104 -0.537
39.0699 117.104 -0.567
39.0699 117.104 -0.568
39.0699 117.104 -0.565
39.0699 117.104 -0.571
39.0699 117.104 -0.565
39.0699 117.104 -0.568
39.0699 117.104 -0.578
39.0699 117.104 -0.572
39.0699 117.104 -0.566
39.0699 117.104 -0.572
39.0699 117.104 -0.564
39.0699 117.104 -0.546
39.0699 117.104 -0.544
39.0699 117.104 -0.549
39.0699 117.104 -0.545
39.0699 117.104 -0.504
39.0699 117.104 -0.478
39.0699 117.104 -0.472
39.0699 117.104 -0.473
39.0699 117.104 -0.473
39.0699 117.104 -0.467
39.0699 117.104 -0.461
39.0699 117.104 -0.455
39.0699 117.104 -0.423
39.0699 117.104 -0.407
39.0699 117.104 -0.4
39.0699 117.104 -0.386
39.0699 117.104 -0.336
39.0699 117.104 -0.284
39.0699 117.104 -0.254
39.0699 117.104 -0.24
39.0699 117.104 -0.233
39.0699 117.104 -0.222
39.0699 117.104 -0.208
39.0699 117.104 -0.19
39.0699 117.104 -0.176
39.0699 117.104 -0.166
39.0699 117.104 -0.166
39.0699 117.104 -0.165
39.0699 117.104 -0.113
39.0699 117.104 -0.029
39.0699 117.104 0.054
39.0699 117.104 0.146
39.0699 117.104 0.244
39.0699 117.104 0.325
39.0699 117.104 0.366
39.0699 117.104 0.355
39.0699 117.104 0.352
39.0699 117.104 0.339
39.0699 117.104 0.317
39.0699 117.104 0.303
39.0698 117.104 0.276
39.0698 117.104 0.331
39.0698 117.104 0.38
39.0698 117.104 0.431
39.0698 117.104 0.515
39.0698 117.104 0.539
39.0698 117.104 0.512
39.0698 117.104 0.497
39.0698 117.104 0.477
39.0698 117.104 0.467
39.0698 117.104 0.442
39.0698 117.104 0.415
39.0698 117.104 0.39
39.0698 117.104 0.359
39.0698 117.104 0.339
39.0698 117.104 0.302
39.0698 117.104 0.298
39.0698 117.104 0.285
39.0698 117.104 0.274
39.0698 117.104 0.252
39.0698 117.104 0.24
39.0698 117.104 0.214
39.0698 117.104 0.173
39.0698 117.104 0.149
39.0698 117.104 0.132
39.0698 117.104 0.114
39.0698 117.104 0.09
39.0698 117.104 0.086
39.0698 117.104 0.051
39.0698 117.104 0.024
39.0698 117.104 0.016
39.0698 117.104 -0.009
39.0698 117.104 -0.043
39.0698 117.104 -0.065
39.0698 117.104 -0.064
39.0698 117.104 -0.089
39.0698 117.104 -0.096
39.0698 117.104 -0.091
39.0698 117.104 -0.092
39.0698 117.104 -0.096
39.0698 117.104 -0.089
39.0698 117.104 -0.069
39.0698 117.104 -0.065
39.0698 117.104 -0.069
39.0698 117.104 -0.024
39.0698 117.104 -0.004
39.0698 117.104 -0.025
39.0698 117.104 -0.008
39.0698 117.104 -0.002
39.0698 117.104 -0.01
39.0698 117.104 0.03
39.0698 117.104 0.062
39.0698 117.104 0.036
39.0698 117.104 0.042
39.0698 117.104 0.04
39.0698 117.104 0.02
39.0698 117.105 0.022
39.0698 117.105 0.056
39.0698 117.105 0.087
39.0698 117.105 0.106
39.0698 117.105 0.11
39.0698 117.105 0.111
39.0698 117.105 0.121
39.0698 117.105 0.106
39.0698 117.105 0.12
39.0698 117.105 0.107
39.0698 117.105 0.104
39.0698 117.105 0.071
39.0698 117.105 0.052
39.0698 117.105 0.043
39.0698 117.105 0.013
39.0698 117.105 0.022
39.0698 117.105 0.025
39.0698 117.105 0.011
39.0698 117.105 -0.024
39.0698 117.105 -0.037
39.0698 117.105 -0.011
39.0698 117.105 0.005
39.0698 117.105 0.033
39.0698 117.105 0.042
39.0698 117.105 0.045
39.0698 117.105 0.044
39.0698 117.105 0.049
39.0698 117.105 0.056
39.0698 117.105 0.027
39.0698 117.105 -0.023
39.0698 117.105 -0.05
39.0698 117.105 -0.052
39.0698 117.105 -0.066
39.0698 117.105 -0.069
39.0698 117.105 -0.093
39.0698 117.105 -0.111
39.0698 117.105 -0.119
39.0698 117.105 -0.134
39.0698 117.105 -0.164
39.0698 117.105 -0.206
39.0698 117.105 -0.235
39.0698 117.105 -0.268
39.0698 117.105 -0.298
39.0698 117.105 -0.315
39.0698 117.105 -0.314
39.0698 117.105 -0.327
39.0698 117.105 -0.348
39.0698 117.105 -0.355
39.0698 117.105 -0.357
39.0698 117.105 -0.382
39.0698 117.105 -0.405
39.0698 117.105 -0.433
39.0698 117.105 -0.448
39.0698 117.105 -0.46
39.0698 117.105 -0.472
39.0698 117.105 -0.482
39.0698 117.105 -0.503
39.0698 117.105 -0.517
39.0698 117.105 -0.537
39.0698 117.105 -0.545
39.0698 117.105 -0.554
39.0698 117.105 -0.56
39.0698 117.105 -0.563
39.0698 117.105 -0.573
39.0698 117.105 -0.577
39.0698 117.105 -0.579
39.0698 117.105 -0.567
39.0698 117.105 -0.555
39.0698 117.105 -0.548
39.0698 117.105 -0.553
39.0698 117.105 -0.561
39.0698 117.105 -0.575
39.0698 117.105 -0.559
39.0698 117.105 -0.569
39.0698 117.105 -0.581
39.0698 117.105 -0.575
39.0698 117.105 -0.566
39.0698 117.105 -0.596
39.0698 117.105 -0.578
39.0698 117.105 -0.516
39.0698 117.105 -0.533
39.0698 117.105 -0.512
39.0698 117.105 -0.495
39.0698 117.105 -0.474
39.0698 117.105 -0.475
39.0698 117.105 -0.448
39.0698 117.105 -0.438
39.0698 117.105 -0.448
39.0698 117.105 -0.461
39.0698 117.105 -0.45
39.0698 117.105 -0.454
39.0698 117.105 -0.46
39.0698 117.105 -0.422
39.0698 117.105 -0.378
39.0698 117.105 -0.407
39.0698 117.105 -0.424
39.0698 117.105 -0.44
39.0698 117.105 -0.441
39.0698 117.105 -0.446
39.0698 117.105 -0.478
39.0698 117.105 -0.476
39.0698 117.105 -0.469
39.0698 117.105 -0.465
39.0698 117.105 -0.46
39.0698 117.105 -0.464
39.0698 117.105 -0.447
39.0698 117.105 -0.44
39.0698 117.105 -0.431
39.0698 117.105 -0.425
39.0698 117.105 -0.43
39.0698 117.105 -0.429
39.0698 117.105 -0.414
39.0698 117.105 -0.406
39.0698 117.105 -0.395
39.0698 117.105 -0.381
39.0698 117.105 -0.374
39.0698 117.105 -0.316
39.0698 117.105 -0.316
39.0698 117.105 -0.326
39.0698 117.105 -0.349
39.0698 117.105 -0.356
